PT_ID;VAR1_sum;VAR2_sum;VAR3_sum;VAR1_mean;VAR2_mean;VAR3_mean
42000477;11.704;15;0.789;0.7315;0.9375;0.0493125
42000478;3.648;4;0.0;0.912;1.0;0.0
42001474;0.114;0;0.114;0.114;0.0;0.114
42001477;1.0;1;0.0;1.0;1.0;0.0
42002477;2.547;3;0.0;0.8490000000000001;1.0;0.0
42005475;0.159;0;0.159;0.159;0.0;0.159
42006475;0.312;0;0.312;0.312;0.0;0.312
42006479;3.784;4;0.0;0.946;1.0;0.0
42007479;7.682;8;0.704;0.8535555555555556;0.8888888888888888;0.07822222222222222
42007480;6.727;7;0.0;0.9610000000000001;1.0;0.0
42008479;9.78;8;2.0;0.978;0.8;0.2
42008480;9.979;13;0.0;0.7676153846153846;1.0;0.0
42008481;6.942;7;0.0;0.9917142857142858;1.0;0.0
42009477;0.449;0;0.449;0.2245;0.0;0.2245
42009478;3.984;5;1.6520000000000001;0.3984;0.5;0.1652
42009479;5.699;6;1.0;0.8141428571428572;0.8571428571428571;0.14285714285714285
42009480;15.685;15;4.01;0.746904761904762;0.7142857142857143;0.19095238095238093
42009481;16.178;14;3.7;0.8987777777777778;0.7777777777777778;0.20555555555555557
42009482;7.978;9;0.0;0.8864444444444444;1.0;0.0
42010478;8.198;5;6.533;0.35643478260869565;0.21739130434782608;0.28404347826086956
42010479;7.429;9;4.799;0.27514814814814814;0.3333333333333333;0.17774074074074075
42010480;18.477;15;5.618;0.8398636363636364;0.6818181818181818;0.2553636363636364
42010481;14.014;12;4.907;0.7785555555555556;0.6666666666666666;0.27261111111111114
42010482;16.537;16;3.431;0.82685;0.8;0.17155
42011478;0.13;0;0.13;0.13;0.0;0.13
42011479;7.011;3;6.0120000000000005;0.26965384615384613;0.11538461538461539;0.23123076923076924
42011480;7.432;10;4.787;0.27525925925925926;0.37037037037037035;0.17729629629629629
42011481;13.036;9;5.063;0.8690666666666667;0.6;0.3375333333333333
42011482;16.584;14;4.0;0.9213333333333333;0.7777777777777778;0.2222222222222222
42012479;1.865;0;1.865;0.233125;0.0;0.233125
42012480;7.9110000000000005;11;4.362;0.3042692307692308;0.4230769230769231;0.16776923076923078
42012481;16.514;16;3.409;0.8257;0.8;0.17045
42012482;8.131;11;0.0;0.7391818181818182;1.0;0.0
42013479;0.66;0;0.66;0.22;0.0;0.22
42013480;9.788;6;8.27;0.2966060606060606;0.18181818181818182;0.2506060606060606
42013481;2.046;3;0.0;0.6819999999999999;1.0;0.0
42013482;0.633;1;0.0;0.633;1.0;0.0
42014479;0.238;0;0.238;0.238;0.0;0.238
42014480;8.818;5;7.1530000000000005;0.33915384615384614;0.19230769230769232;0.27511538461538465
42015479;0.27;0;0.27;0.27;0.0;0.27
42018482;0.858;1;0.0;0.858;1.0;0.0
42019481;4.87;1;4.537;0.2563157894736842;0.05263157894736842;0.23878947368421052
42020483;1.0;1;0.0;1.0;1.0;0.0
42022483;8.969;6;7.2090000000000005;0.28028125;0.1875;0.22528125000000002
42023483;4.956;1;4.623;0.26084210526315793;0.05263157894736842;0.24331578947368424
42025484;0.8069999999999999;0;0.8069999999999999;0.26899999999999996;0.0;0.26899999999999996
42027485;6.34;5;4.996;0.3019047619047619;0.23809523809523808;0.23790476190476192
42029486;3.21;5;0.9990000000000001;0.40125;0.625;0.12487500000000001
42030486;4.239;1;3.906;0.2355;0.05555555555555555;0.217
42044490;0.633;0;0.633;0.3165;0.0;0.3165
42063497;17.959;8;10.987;0.8551904761904762;0.38095238095238093;0.5231904761904762
42064496;0.333;0;0.333;0.333;0.0;0.333
42066499;7.455;3;6.456;0.27611111111111114;0.1111111111111111;0.23911111111111114
42067498;0.333;0;0.333;0.333;0.0;0.333
42067499;0.7909999999999999;1;0.191;0.39549999999999996;0.5;0.0955
42072500;0.333;0;0.333;0.333;0.0;0.333
42073503;6.579;7;0.0;0.9398571428571428;1.0;0.0
42074501;0.333;0;0.333;0.333;0.0;0.333
42074504;7.072;8;0.0;0.884;1.0;0.0
42076503;0.767;0;0.767;0.767;0.0;0.767
42076504;6.957;7;0.0;0.9938571428571429;1.0;0.0
42077502;5.101;1;4.768;0.2833888888888889;0.05555555555555555;0.2648888888888889
42077503;2.0709999999999997;3;0.0;0.6903333333333332;1.0;0.0
42077504;15.858;15;3.0;0.881;0.8333333333333334;0.16666666666666666
42078502;2.892;4;1.825;0.2892;0.4;0.1825
42078504;13.027;11;3.0;0.9305;0.7857142857142857;0.21428571428571427
42079505;2.875;3;0.0;0.9583333333333334;1.0;0.0
42083477;0.612;0;0.612;0.306;0.0;0.306
42087504;0.131;0;0.131;0.131;0.0;0.131
42088506;0.554;1;0.43;0.18466666666666667;0.3333333333333333;0.14333333333333334
42089506;5.0920000000000005;4;3.7600000000000002;0.31825000000000003;0.25;0.23500000000000001
42091506;0.224;0;0.224;0.224;0.0;0.224
42094506;0.131;0;0.131;0.131;0.0;0.131
42095506;0.324;0;0.324;0.324;0.0;0.324
42095507;3.33;3;2.331;0.333;0.3;0.2331
42095508;3.644;5;2.39;0.2803076923076923;0.38461538461538464;0.18384615384615385
42095509;0.964;1;0.0;0.964;1.0;0.0
42096507;0.763;0;0.763;0.25433333333333336;0.0;0.25433333333333336
42096509;6.894;7;0.0;0.9848571428571429;1.0;0.0
42097509;2.9690000000000003;4;0.0;0.7422500000000001;1.0;0.0
42098513;1.0;1;0.0;1.0;1.0;0.0
42100508;7.056;4;4.623;0.7056;0.4;0.46230000000000004
42101507;0.333;0;0.333;0.333;0.0;0.333
42102463;0.355;1;0.0;0.355;1.0;0.0
42104513;7.93;9;0.0;0.8811111111111111;1.0;0.0
42105513;7.968999999999999;9;0.0;0.8854444444444444;1.0;0.0
42106511;16.04;13;3.9539999999999997;0.9435294117647058;0.7647058823529411;0.23258823529411762
42107510;8.42;7;6.357;0.2903448275862069;0.2413793103448276;0.21920689655172415
42107511;15.114;14;4.371;0.7197142857142858;0.6666666666666666;0.20814285714285716
42110475;0.841;1;0.0;0.841;1.0;0.0
42113511;4.79;1;4.457;0.2521052631578947;0.05263157894736842;0.23457894736842105
42117513;6.1;0;6.1;0.33888888888888885;0.0;0.33888888888888885
42120475;9.953;13;0.0;0.7656153846153846;1.0;0.0
42120515;7.305000000000001;2;6.639;0.2705555555555556;0.07407407407407407;0.2458888888888889
42121515;5.352;1;5.019;0.2676;0.05;0.25095
42122476;7.4879999999999995;8;0.0;0.9359999999999999;1.0;0.0
42122515;3.577;1;3.244;0.2980833333333333;0.08333333333333333;0.27033333333333337
42122516;12.262;1;11.929;0.49048;0.04;0.47716000000000003
42123475;0.541;1;0.0;0.541;1.0;0.0
42123476;8.239;9;0.0;0.9154444444444445;1.0;0.0
42123516;5.106;1;4.773;0.25529999999999997;0.05;0.23864999999999997
42124516;4.008;0;4.008;0.22266666666666668;0.0;0.22266666666666668
42125517;14.216;4;12.892;0.47386666666666666;0.13333333333333333;0.4297333333333333
42126475;16.197;16;3.0;0.8524736842105263;0.8421052631578947;0.15789473684210525
42126517;9.284;5;7.619;0.3315714285714286;0.17857142857142858;0.2721071428571428
42126518;6.0280000000000005;6;1.0;0.8611428571428572;0.8571428571428571;0.14285714285714285
42127475;10.065;13;0.0;0.7742307692307692;1.0;0.0
42127518;9.281;8;2.0;0.9281;0.8;0.2
42128492;0.333;0;0.333;0.333;0.0;0.333
42129491;10.898;9;3.748;0.8383076923076923;0.6923076923076923;0.2883076923076923
42129518;3.973;0;3.973;0.2207222222222222;0.0;0.2207222222222222
42130477;16.47;14;3.934;0.9149999999999999;0.7777777777777778;0.21855555555555556
42130478;16.194;16;3.0;0.8523157894736841;0.8421052631578947;0.15789473684210525
42130491;9.516;13;0.0;0.732;1.0;0.0
42130492;0.548;0;0.548;0.548;0.0;0.548
42130518;0.271;0;0.271;0.271;0.0;0.271
42131476;12.908;14;2.382;0.7592941176470588;0.8235294117647058;0.14011764705882354
42131477;16.402;16;3.418;0.8201;0.8;0.1709
42131478;17.537;15;5.042;0.7971363636363636;0.6818181818181818;0.22918181818181818
42131479;16.562;15;3.685;0.8716842105263158;0.7894736842105263;0.19394736842105265
42131480;16.379;14;4.0;0.9099444444444446;0.7777777777777778;0.2222222222222222
42131481;16.441;17;3.2249999999999996;0.7473181818181818;0.7727272727272727;0.14659090909090908
42131484;16.723;17;3.583;0.7601363636363636;0.7727272727272727;0.16286363636363638
42131518;0.177;0;0.177;0.177;0.0;0.177
42132476;16.68;14;4.0;0.9266666666666666;0.7777777777777778;0.2222222222222222
42132477;15.818999999999999;16;3.0;0.832578947368421;0.8421052631578947;0.15789473684210525
42132478;16.264;15;4.458;0.7392727272727272;0.6818181818181818;0.20263636363636364
42132479;15.08;13;4.718;0.7936842105263158;0.6842105263157895;0.2483157894736842
42132480;14.438;12;4.723;0.8021111111111111;0.6666666666666666;0.2623888888888889
42132481;23.21;11;15.038;0.800344827586207;0.3793103448275862;0.518551724137931
42132484;14.788;15;2.841;0.8215555555555556;0.8333333333333334;0.15783333333333335
42133476;9.999;13;0.0;0.7691538461538462;1.0;0.0
42133477;11.652000000000001;15;0.633;0.7282500000000001;0.9375;0.0395625
42133478;9.724;13;0.0;0.748;1.0;0.0
42133479;16.229;14;3.7;0.901611111111111;0.7777777777777778;0.20555555555555557
42133485;24.101;11;15.064;0.8033666666666667;0.36666666666666664;0.5021333333333333
42134476;3.0;3;0.0;1.0;1.0;0.0
42134477;7.418;8;0.0;0.92725;1.0;0.0
42134485;15.682;15;4.335;0.7128181818181818;0.6818181818181818;0.19704545454545455
42134494;0.286;0;0.286;0.286;0.0;0.286
42134520;3.9210000000000003;1;3.588;0.2800714285714286;0.07142857142857142;0.2562857142857143
42135485;21.326;7;15.904;0.7108666666666666;0.23333333333333334;0.5301333333333333
42135494;0.293;0;0.293;0.293;0.0;0.293
42135521;5.588;1;5.3260000000000005;0.29410526315789476;0.05263157894736842;0.28031578947368424
42136484;23.331;9;16.825;0.72909375;0.28125;0.52578125
42137483;8.199;9;0.0;0.911;1.0;0.0
42137484;16.754;17;3.326;0.7978095238095239;0.8095238095238095;0.15838095238095237
42137487;16.459;14;3.926;0.9143888888888889;0.7777777777777778;0.21811111111111112
42137488;21.945;10;14.202;0.7315;0.3333333333333333;0.4734
42137489;23.336;13;13.652;0.8046896551724138;0.4482758620689655;0.4707586206896551
42137490;23.265;10;14.973;0.8022413793103449;0.3448275862068966;0.5163103448275862
42137521;0.304;0;0.304;0.304;0.0;0.304
42138484;22.847;11;14.63;0.7615666666666667;0.36666666666666664;0.4876666666666667
42138485;8.185;11;0.0;0.7440909090909091;1.0;0.0
42138486;24.742;5;20.066;0.8247333333333333;0.16666666666666666;0.6688666666666666
42138487;23.797;12;14.457;0.7932333333333333;0.4;0.48190000000000005
42138488;15.497;3;14.048;0.5960384615384615;0.11538461538461539;0.5403076923076923
42138489;21.019;6;15.991;0.7506785714285714;0.21428571428571427;0.5711071428571428
42138522;8.474;8;4.48;0.4707777777777778;0.4444444444444444;0.2488888888888889
42139483;14.431000000000001;12;4.714;0.8017222222222222;0.6666666666666666;0.2618888888888889
42139484;14.324;11;5.6080000000000005;0.7957777777777778;0.6111111111111112;0.3115555555555556
42139485;14.877;1;14.661999999999999;0.5721923076923077;0.038461538461538464;0.5639230769230769
42139486;21.695;6;16.02;0.7748214285714285;0.21428571428571427;0.5721428571428572
42139487;22.865000000000002;10;14.793000000000001;0.816607142857143;0.35714285714285715;0.5283214285714286
42139488;2.0;2;0.0;1.0;1.0;0.0
42139522;3.685;0;3.685;0.21676470588235294;0.0;0.21676470588235294
42140482;14.779;12;4.889;0.8210555555555555;0.6666666666666666;0.27161111111111114
42140483;25.639;5;21.176;0.8270645161290322;0.16129032258064516;0.6830967741935483
42140485;8.214;0;8.214;0.4323157894736842;0.0;0.4323157894736842
42140486;21.862000000000002;4;17.94;0.8097037037037038;0.14814814814814814;0.6644444444444445
42140522;0.666;1;0.333;0.333;0.5;0.1665
42140523;12.959;8;5.168;0.9256428571428571;0.5714285714285714;0.36914285714285716
42141481;19.882;3;18.216;0.7363703703703705;0.1111111111111111;0.6746666666666667
42141482;0.325;0;0.325;0.325;0.0;0.325
42141483;21.973;4;18.04;0.8138148148148148;0.14814814814814814;0.6681481481481482
42141484;24.723;12;14.919;0.8240999999999999;0.4;0.4973
42141485;15.692;15;4.412;0.7132727272727273;0.6818181818181818;0.20054545454545455
42141523;14.181;1;13.899000000000001;0.56724;0.04;0.55596
42142481;15.818;15;4.054;0.7532380952380953;0.7142857142857143;0.19304761904761905
42142482;22.88;11;14.535;0.8171428571428571;0.39285714285714285;0.5191071428571429
42142483;9.61;13;0.0;0.7392307692307691;1.0;0.0
42142523;3.711;3;3.214;0.41233333333333333;0.3333333333333333;0.3571111111111111
42143482;21.377;2;19.377;0.8221923076923077;0.07692307692307693;0.7452692307692307
42143524;8.823;11;5.432;0.35292;0.44;0.21728000000000003
42144524;5.703;5;2.491;0.4386923076923077;0.38461538461538464;0.19161538461538463
42146498;18.31;15;5.636;0.8322727272727272;0.6818181818181818;0.2561818181818182
42155528;2.855;3;1.856;0.40785714285714286;0.42857142857142855;0.2651428571428572
42157529;1.939;2;1.2730000000000001;0.277;0.2857142857142857;0.18185714285714288
42159529;0.318;0;0.318;0.318;0.0;0.318
42159530;15.154;9;6.852;0.8418888888888889;0.5;0.3806666666666667
42160504;7.761;9;1.0;0.7761;0.9;0.1
42160530;8.699;9;5.567;0.2999655172413793;0.3103448275862069;0.1919655172413793
42162531;24.271;12;14.899;0.7829354838709678;0.3870967741935484;0.4806129032258064
42163531;22.671;10;14.216;0.8396666666666667;0.37037037037037035;0.5265185185185185
42164531;4.333;1;4.0;0.8666;0.2;0.8
42165506;9.319;12;5.593;0.3451481481481482;0.4444444444444444;0.20714814814814814
42165532;12.213000000000001;11;3.757;0.8142;0.7333333333333333;0.25046666666666667
42166532;11.089;8;3.906;0.9240833333333334;0.6666666666666666;0.3255
42167507;1.536;1;0.892;0.768;0.5;0.446
42167533;5.515000000000001;6;1.0;0.7878571428571429;0.8571428571428571;0.14285714285714285
42170509;1.484;0;1.484;0.1855;0.0;0.1855
42171534;7.686;5;4.903;0.5912307692307692;0.38461538461538464;0.3771538461538461
42172535;5.328;3;4.329000000000001;0.333;0.1875;0.27056250000000004
42173535;3.9010000000000002;1;3.568;0.3000769230769231;0.07692307692307693;0.2744615384615385
42174536;0.666;1;0.333;0.333;0.5;0.1665
42176536;0.745;0;0.745;0.24833333333333332;0.0;0.24833333333333332
42177537;0.909;0;0.909;0.303;0.0;0.303
42182540;0.333;0;0.333;0.333;0.0;0.333
42183540;0.666;0;0.666;0.333;0.0;0.333
42184540;3.737;1;3.404;0.3114166666666667;0.08333333333333333;0.2836666666666667
42185541;16.125;1;15.125;0.7678571428571429;0.047619047619047616;0.7202380952380952
42189542;1.131;0;1.131;0.2262;0.0;0.2262
42191517;15.776;15;4.004;0.7512380952380953;0.7142857142857143;0.19066666666666665
42191543;23.337;12;14.677;0.7779;0.4;0.4892333333333333
42192518;16.571;13;5.109;0.8721578947368421;0.6842105263157895;0.26889473684210524
42193544;14.287;6;11.052;0.51025;0.21428571428571427;0.3947142857142857
42194544;2.322;1;2.123;0.46440000000000003;0.2;0.42460000000000003
42194545;5.362;5;3.44;0.5362;0.5;0.344
42195520;0.282;0;0.282;0.282;0.0;0.282
42196545;3.0;2;1.0;1.0;0.6666666666666666;0.3333333333333333
42200546;8.25;5;6.705;0.358695652173913;0.21739130434782608;0.2915217391304348
42202545;0.333;0;0.333;0.333;0.0;0.333
42203523;1.794;1;0.853;0.897;0.5;0.4265
42203546;7.165;1;6.165;0.895625;0.125;0.770625
42205525;0.273;0;0.273;0.273;0.0;0.273
42205548;12.824;10;4.248;0.8015;0.625;0.2655
42207548;0.238;0;0.238;0.238;0.0;0.238
42208549;22.465;7;16.426;0.7246774193548388;0.22580645161290322;0.5298709677419354
42210550;20.61;10;12.131;0.8960869565217391;0.43478260869565216;0.5274347826086957
42212550;5.32;4;1.32;0.8866666666666667;0.6666666666666666;0.22
42219552;4.622;6;1.869;0.5135555555555555;0.6666666666666666;0.20766666666666667
42220553;25.901;4;21.903;0.80940625;0.125;0.68446875
42221553;4.33;3;3.331;0.3936363636363636;0.2727272727272727;0.3028181818181818
42222554;16.74;3;14.403;0.9299999999999999;0.16666666666666666;0.8001666666666667
42223555;3.768;4;0.0;0.942;1.0;0.0
42224555;7.989000000000001;6;6.431;0.2853214285714286;0.21428571428571427;0.22967857142857143
42226556;24.256;5;20.112;0.8662857142857143;0.17857142857142858;0.7182857142857142
42227556;0.6020000000000001;0;0.6020000000000001;0.2006666666666667;0.0;0.2006666666666667
42228557;20.055;12;12.729;0.7162499999999999;0.42857142857142855;0.4546071428571428
42229557;5.163;5;3.5460000000000003;0.36878571428571433;0.35714285714285715;0.2532857142857143
42231557;0.913;0;0.913;0.22825;0.0;0.22825
42231558;21.407;11;11.866;0.8233461538461538;0.4230769230769231;0.4563846153846154
42234558;2.411;3;0.0;0.8036666666666666;1.0;0.0
42236559;23.544;13;13.05;0.8408571428571429;0.4642857142857143;0.4660714285714286
42237559;0.111;1;0.0;0.111;1.0;0.0
42237560;22.45;11;13.356;0.8634615384615384;0.4230769230769231;0.5136923076923077
42238560;7.018;2;6.352;0.26992307692307693;0.07692307692307693;0.2443076923076923
42239560;0.774;0;0.774;0.258;0.0;0.258
42239561;16.496;16;4.1899999999999995;0.7498181818181817;0.7272727272727273;0.19045454545454543
42240561;5.516;1;5.183;0.26266666666666666;0.047619047619047616;0.2468095238095238
42241561;5.328;3;4.329000000000001;0.333;0.1875;0.27056250000000004
42241562;0.364;1;0.0;0.364;1.0;0.0
42242561;9.789;1;9.456;0.5438333333333333;0.05555555555555555;0.5253333333333333
42242562;9.901;8;6.898;0.35360714285714284;0.2857142857142857;0.24635714285714286
42244563;13.971;15;2.6390000000000002;0.7761666666666667;0.8333333333333334;0.14661111111111114
42245563;12.836;14;2.328;0.7550588235294118;0.8235294117647058;0.13694117647058823
42246562;0.425;1;0.121;0.2125;0.5;0.0605
42250563;4.639;2;3.295;0.7731666666666667;0.3333333333333333;0.5491666666666667
42251564;8.745000000000001;3;7.746;0.32388888888888895;0.1111111111111111;0.2868888888888889
42251565;6.798;8;0.0;0.84975;1.0;0.0
42252564;0.142;0;0.142;0.142;0.0;0.142
42252565;23.454;12;15.019;0.7565806451612903;0.3870967741935484;0.4844838709677419
42252566;11.215;13;3.895;0.5097727272727273;0.5909090909090909;0.17704545454545453
42253566;7.673;1;7.402;0.2951153846153846;0.038461538461538464;0.2846923076923077
42254566;12.068;6;10.286;0.3656969696969697;0.18181818181818182;0.3116969696969697
42254567;16.441;15;3.6390000000000002;0.8653157894736841;0.7894736842105263;0.19152631578947368
42255567;18.588;12;10.327;0.6638571428571429;0.42857142857142855;0.3688214285714286
42256567;18.041;6;14.869;0.5011388888888889;0.16666666666666666;0.41302777777777777
42257567;0.333;0;0.333;0.333;0.0;0.333
42257568;17.788;14;5.686;0.847047619047619;0.6666666666666666;0.27076190476190476
42258568;18.91;9;13.21;0.6303333333333333;0.3;0.44033333333333335
42260569;10.43;5;9.041;0.2897222222222222;0.1388888888888889;0.2511388888888889
42261569;21.282;13;11.328;0.7600714285714286;0.4642857142857143;0.4045714285714285
42262569;23.112000000000002;12;13.774000000000001;0.8254285714285715;0.42857142857142855;0.49192857142857144
42263546;0.619;0;0.619;0.619;0.0;0.619
42263569;0.312;0;0.312;0.312;0.0;0.312
42263570;14.943;12;10.851;0.4820322580645161;0.3870967741935484;0.35003225806451616
42264570;14.793;14;2.944;0.8218333333333333;0.7777777777777778;0.16355555555555557
42265570;23.018;12;13.758;0.8220714285714286;0.42857142857142855;0.4913571428571428
42266570;0.333;0;0.333;0.333;0.0;0.333
42266571;23.629;10;15.145;0.8147931034482759;0.3448275862068966;0.5222413793103449
42267570;0.186;0;0.186;0.186;0.0;0.186
42267571;23.316;9;15.868;0.7772;0.3;0.5289333333333334
42268571;20.385;13;9.678;0.8154;0.52;0.38712
42269572;7.828;8;0.0;0.9785;1.0;0.0
42271572;14.848;14;2.988;0.8734117647058824;0.8235294117647058;0.17576470588235293
42272572;16.902;15;3.865;0.8895789473684211;0.7894736842105263;0.20342105263157895
42275573;24.677;12;14.917;0.8225666666666667;0.4;0.4972333333333333
42276573;20.332;11;13.907;0.6558709677419355;0.3548387096774194;0.44861290322580644
42285575;0.666;0;0.666;0.333;0.0;0.333
42286575;0.333;0;0.333;0.333;0.0;0.333
42287576;13.873;11;5.0889999999999995;0.8160588235294117;0.6470588235294118;0.29935294117647054
42288576;15.412;13;4.973;0.8111578947368422;0.6842105263157895;0.26173684210526316
42289576;0.33899999999999997;0;0.33899999999999997;0.16949999999999998;0.0;0.16949999999999998
42292577;9.97;5;6.304;0.7669230769230769;0.38461538461538464;0.48492307692307696
42293577;0.775;1;0.663;0.25833333333333336;0.3333333333333333;0.221
42293578;15.949;11;10.068;0.5316333333333333;0.36666666666666664;0.3356
42294578;19.958;8;12.559;0.9071818181818181;0.36363636363636365;0.5708636363636364
42295578;19.07;9;12.911;0.7628;0.36;0.51644
42296578;1.1420000000000001;0;1.1420000000000001;0.22840000000000002;0.0;0.22840000000000002
42296579;16.654;17;4.162;0.6939166666666666;0.7083333333333334;0.17341666666666666
42297579;19.174;16;6.42;0.76696;0.64;0.2568
42306580;0.161;0;0.161;0.161;0.0;0.161
42310558;0.8480000000000001;0;0.8480000000000001;0.2826666666666667;0.0;0.2826666666666667
42321560;4.602;0;4.602;0.35400000000000004;0.0;0.35400000000000004
42322560;7.5649999999999995;0;7.5649999999999995;0.42027777777777775;0.0;0.42027777777777775
42325560;0.352;1;0.0;0.352;1.0;0.0
42326584;0.666;0;0.666;0.333;0.0;0.333
42329561;23.722;11;15.332;0.8180000000000001;0.3793103448275862;0.5286896551724138
42330561;25.391;12;15.316;0.8463666666666666;0.4;0.5105333333333334
42330562;10.578;7;5.661;0.8136923076923076;0.5384615384615384;0.43546153846153846
42330585;0.333;0;0.333;0.333;0.0;0.333
42330586;0.22;1;0.0;0.22;1.0;0.0
42331561;14.756;12;4.865;0.8197777777777778;0.6666666666666666;0.2702777777777778
42331562;1.542;2;0.548;0.514;0.6666666666666666;0.18266666666666667
42334563;0.861;0;0.861;0.287;0.0;0.287
42337562;14.598;11;5.726;0.811;0.6111111111111112;0.3181111111111111
42337563;10.666;5;6.333;0.8888333333333334;0.4166666666666667;0.52775
42338564;0.231;0;0.231;0.231;0.0;0.231
42338588;19.309;16;6.5;0.77236;0.64;0.26
42342589;10.409;9;2.0;0.9462727272727274;0.8181818181818182;0.18181818181818182
42343589;9.861;10;1.0;0.8964545454545455;0.9090909090909091;0.09090909090909091
42345564;7.596;5;3.0;0.9495;0.625;0.375
42352567;0.247;0;0.247;0.247;0.0;0.247
42354566;16.404;15;4.4559999999999995;0.7456363636363637;0.6818181818181818;0.20254545454545453
42355567;12.598;4;11.179;0.4665925925925926;0.14814814814814814;0.41403703703703704
42356567;1.0;1;0.0;1.0;1.0;0.0
42356591;24.845;4;20.852;0.8567241379310344;0.13793103448275862;0.7190344827586207
42356592;16.597;15;4.578;0.7544090909090909;0.6818181818181818;0.2080909090909091
42356597;6.852;8;0.0;0.8565;1.0;0.0
42356598;8.243;9;0.0;0.915888888888889;1.0;0.0
42357591;7.854;2;6.3100000000000005;0.7854;0.2;0.631
42357592;17.919999999999998;15;5.998;0.7791304347826086;0.6521739130434783;0.2607826086956522
42358592;2.89;5;0.0;0.5780000000000001;1.0;0.0
42360592;16.487;8;9.288;0.9159444444444443;0.4444444444444444;0.516
42361568;10.507;5;9.132;0.2918611111111111;0.1388888888888889;0.25366666666666665
42361592;2.33;2;1.806;0.38833333333333336;0.3333333333333333;0.301
42361593;0.797;1;0.0;0.797;1.0;0.0
42363593;17.078;15;4.833;0.7762727272727272;0.6818181818181818;0.2196818181818182
42364569;4.037;0;4.037;0.21247368421052631;0.0;0.21247368421052631
42364593;26.138;4;22.138;0.8168125;0.125;0.6918125
42366570;0.168;0;0.168;0.168;0.0;0.168
42366594;7.67;9;0.0;0.8522222222222222;1.0;0.0
42367593;0.277;0;0.277;0.277;0.0;0.277
42367594;18.506;7;12.268;0.9253;0.35;0.6134000000000001
42369594;0.666;1;0.333;0.333;0.5;0.1665
42369595;9.115;2;8.449;0.3375925925925926;0.07407407407407407;0.31292592592592594
42370571;0.272;0;0.272;0.272;0.0;0.272
42370595;13.343;12;2.0;0.9530714285714286;0.8571428571428571;0.14285714285714285
42371596;1.387;2;0.0;0.6935;1.0;0.0
42372571;23.609;11;14.93;0.8431785714285714;0.39285714285714285;0.5332142857142858
42372596;13.415;10;4.468;0.8943333333333333;0.6666666666666666;0.29786666666666667
42373572;0.163;0;0.163;0.163;0.0;0.163
42375597;18.233;15;6.021;0.7927391304347826;0.6521739130434783;0.2617826086956522
42376597;20.459;15;8.485;0.7577407407407407;0.5555555555555556;0.31425925925925924
42377597;6.599;4;5.389;0.43993333333333334;0.26666666666666666;0.3592666666666667
42378598;10.021;4;8.689;0.31315625;0.125;0.27153125
42379598;9.404;4;8.084;0.31346666666666667;0.13333333333333333;0.26946666666666663
42380598;0.259;0;0.259;0.259;0.0;0.259
42380599;13.322;15;2.392;0.740111111111111;0.8333333333333334;0.1328888888888889
42381599;14.649;12;4.77;0.8138333333333333;0.6666666666666666;0.26499999999999996
42382599;21.135;4;18.512;0.7045;0.13333333333333333;0.6170666666666667
42383599;20.496;11;13.344999999999999;0.6831999999999999;0.36666666666666664;0.4448333333333333
42384599;1.302;0;1.302;0.3255;0.0;0.3255
42384600;25.296;13;15.082;0.7905;0.40625;0.4713125
42385600;19.783;7;15.473;0.6381612903225807;0.22580645161290322;0.49912903225806454
42386600;14.985;15;2.947;0.7886842105263158;0.7894736842105263;0.15510526315789475
42387600;4.527;4;1.0;0.9054;0.8;0.2
42388601;1.0;1;0.0;1.0;1.0;0.0
42389601;0.727;1;0.0;0.727;1.0;0.0
42390601;1.0;1;0.0;1.0;1.0;0.0
42393576;2.338;1;1.657;0.7793333333333333;0.3333333333333333;0.5523333333333333
42394602;13.503;6;11.762;0.3750833333333333;0.16666666666666666;0.32672222222222225
42395602;7.241;1;7.064;0.25860714285714287;0.03571428571428571;0.2522857142857143
42395603;16.554;14;4.0;0.9196666666666666;0.7777777777777778;0.2222222222222222
42397603;9.513;11;6.672;0.3280344827586207;0.3793103448275862;0.23006896551724138
42398603;22.389;7;16.945;0.6784545454545454;0.21212121212121213;0.5134848484848485
42400604;20.813;11;12.737;0.7708518518518518;0.4074074074074074;0.47174074074074074
42401604;18.491;15;5.7940000000000005;0.8405;0.6818181818181818;0.2633636363636364
42402604;23.396;10;14.923;0.8665185185185186;0.37037037037037035;0.5527037037037037
42403604;1.122;0;1.122;0.22440000000000002;0.0;0.22440000000000002
42403605;16.207;15;4.7829999999999995;0.7717619047619048;0.7142857142857143;0.22776190476190475
42404604;0.6000000000000001;0;0.6000000000000001;0.20000000000000004;0.0;0.20000000000000004
42404605;15.371;4;14.209;0.4657878787878788;0.12121212121212122;0.43057575757575756
42405605;23.765;11;15.273;0.8194827586206896;0.3793103448275862;0.5266551724137931
42406605;21.886;13;11.826;0.7816428571428571;0.4642857142857143;0.4223571428571429
42406606;8.144;9;0.0;0.9048888888888889;1.0;0.0
42407605;7.508;3;4.764;0.9385;0.375;0.5955
42407606;15.258;13;4.921;0.8030526315789474;0.6842105263157895;0.259
42408606;17.162;17;3.712;0.7800909090909091;0.7727272727272727;0.16872727272727273
42409605;0.154;0;0.154;0.154;0.0;0.154
42409606;18.413;15;5.769;0.8369545454545455;0.6818181818181818;0.26222727272727275
42410606;23.169;10;14.86;0.8581111111111112;0.37037037037037035;0.5503703703703704
42411606;16.358;14;5.402;0.778952380952381;0.6666666666666666;0.25723809523809527
42411607;1.0;1;0.0;1.0;1.0;0.0
42412580;3.1430000000000002;4;0.0;0.7857500000000001;1.0;0.0
42412607;4.553;5;0.0;0.9106;1.0;0.0
42413607;8.279;9;0.0;0.9198888888888889;1.0;0.0
42414607;18.05;19;3.79;0.7520833333333333;0.7916666666666666;0.15791666666666668
42415607;0.781;1;0.0;0.781;1.0;0.0
42417608;8.108;9;0.0;0.900888888888889;1.0;0.0
42418608;18.402;15;5.771;0.8364545454545455;0.6818181818181818;0.26231818181818184
42419582;2.25;4;0.0;0.5625;1.0;0.0
42419608;23.937;12;15.161;0.7721612903225806;0.3870967741935484;0.48906451612903223
42420609;16.788;15;3.761;0.883578947368421;0.7894736842105263;0.19794736842105265
42421582;13.573;8;5.898;0.9048666666666667;0.5333333333333333;0.3932
42421609;14.731;15;2.884;0.8183888888888888;0.8333333333333334;0.1602222222222222
42422582;9.409;9;6.735;0.3618846153846154;0.34615384615384615;0.25903846153846155
42422609;16.456;14;3.874;0.9142222222222222;0.7777777777777778;0.21522222222222223
42423609;13.069;7;11.124;0.40840625;0.21875;0.347625
42424609;24.452;12;15.541;0.764125;0.375;0.48565625
42425609;7.543;2;6.877000000000001;0.2793703703703704;0.07407407407407407;0.2547037037037037
42426608;0.214;0;0.214;0.214;0.0;0.214
42426609;10.283;5;8.618;0.3116060606060606;0.15151515151515152;0.26115151515151513
42427609;18.383;15;5.771;0.835590909090909;0.6818181818181818;0.26231818181818184
42427610;9.772;13;0.0;0.7516923076923077;1.0;0.0
42428609;1.419;0;1.419;0.2838;0.0;0.2838
42428610;10.134;13;0.0;0.7795384615384615;1.0;0.0
42429609;0.232;0;0.232;0.232;0.0;0.232
42435610;2.745;2;1.0;0.915;0.6666666666666666;0.3333333333333333
42437610;0.743;1;0.0;0.743;1.0;0.0
42438610;21.037;12;12.818999999999999;0.6786129032258065;0.3870967741935484;0.41351612903225804
42439610;14.75;15;4.463;0.6704545454545454;0.6818181818181818;0.20286363636363636
42445585;8.348;6;5.79;0.52175;0.375;0.361875
42446585;7.813;8;4.78;0.35513636363636364;0.36363636363636365;0.21727272727272728
42447585;28.363;6;23.703;0.7878611111111111;0.16666666666666666;0.6584166666666667
42448585;25.808;7;20.066;0.8065;0.21875;0.6270625
42449620;16.45;14;4.0;0.9138888888888889;0.7777777777777778;0.2222222222222222
42449621;18.062;19;3.7800000000000002;0.7525833333333334;0.7916666666666666;0.1575
42450619;5.119;6;0.0;0.8531666666666666;1.0;0.0
42450620;15.827;15;4.741;0.7536666666666667;0.7142857142857143;0.22576190476190475
42450622;16.64;14;4.0;0.9244444444444445;0.7777777777777778;0.2222222222222222
42451604;0.333;0;0.333;0.333;0.0;0.333
42451605;6.775;4;5.026;0.5211538461538462;0.3076923076923077;0.3866153846153846
42451619;18.261;15;6.524;0.760875;0.625;0.2718333333333333
42451622;2.332;3;0.0;0.7773333333333333;1.0;0.0
42451623;0.819;1;0.0;0.819;1.0;0.0
42452619;16.471;15;3.907;0.8668947368421053;0.7894736842105263;0.20563157894736842
42452622;16.182;15;3.52;0.8516842105263157;0.7894736842105263;0.18526315789473685
42459605;22.7;9;14.825;0.8730769230769231;0.34615384615384615;0.5701923076923077
42459626;11.243;15;0.0;0.7495333333333334;1.0;0.0
42460605;10.986;3;8.27;0.9155000000000001;0.25;0.6891666666666666
42461607;6.022;7;0.0;0.8602857142857143;1.0;0.0
42461627;15.277000000000001;15;3.0;0.8487222222222223;0.8333333333333334;0.16666666666666666
42462586;0.8;0;0.8;0.26666666666666666;0.0;0.26666666666666666
42462605;0.333;0;0.333;0.333;0.0;0.333
42462606;9.793;9;2.0020000000000002;0.8160833333333333;0.75;0.16683333333333336
42462627;8.468;12;0.0;0.7056666666666667;1.0;0.0
42463605;0.117;0;0.117;0.117;0.0;0.117
42464586;0.254;0;0.254;0.254;0.0;0.254
42464605;0.323;0;0.323;0.323;0.0;0.323
42465606;1.956;0;1.956;0.2445;0.0;0.2445
42465607;26.219;5;21.816;0.7283055555555555;0.1388888888888889;0.606
42470587;0.206;0;0.206;0.206;0.0;0.206
42470607;0.13;0;0.13;0.13;0.0;0.13
42472608;1.9609999999999999;2;0.0;0.9804999999999999;1.0;0.0
42473607;0.654;0;0.654;0.218;0.0;0.218
42474607;0.303;0;0.303;0.303;0.0;0.303
42475609;0.605;1;0.0;0.605;1.0;0.0
42477608;4.054;0;4.054;0.22522222222222224;0.0;0.22522222222222224
42478608;0.64;0;0.64;0.21333333333333335;0.0;0.21333333333333335
42481608;0.292;0;0.292;0.292;0.0;0.292
42481609;4.742;5;2.0;0.6774285714285714;0.7142857142857143;0.2857142857142857
42481610;24.082;10;15.541;0.8304137931034483;0.3448275862068966;0.535896551724138
42482608;0.333;0;0.333;0.333;0.0;0.333
42482609;7.322;1;7.103;0.2615;0.03571428571428571;0.2536785714285714
42483609;0.636;0;0.636;0.212;0.0;0.212
42483610;17.584;15;7.247;0.6512592592592592;0.5555555555555556;0.26840740740740743
42485609;0.333;0;0.333;0.333;0.0;0.333
42488609;0.148;0;0.148;0.148;0.0;0.148
42490610;0.274;0;0.274;0.274;0.0;0.274
42498613;16.266;14;4.0;0.9036666666666666;0.7777777777777778;0.2222222222222222
42508615;19.315;4;15.838000000000001;0.9197619047619048;0.19047619047619047;0.7541904761904762
42509615;6.622;0;6.622;0.3678888888888889;0.0;0.3678888888888889
42512617;18.314;19;3.833;0.7630833333333333;0.7916666666666666;0.15970833333333334
42515617;7.2860000000000005;2;6.62;0.2802307692307692;0.07692307692307693;0.25461538461538463
42516617;0.668;0;0.668;0.22266666666666668;0.0;0.22266666666666668
42516618;19.227;15;6.696;0.801125;0.625;0.27899999999999997
42517618;18.648;15;6.291;0.8107826086956521;0.6521739130434783;0.2735217391304348
42519619;16.626;14;3.915;0.9236666666666667;0.7777777777777778;0.2175
42521618;0.3;0;0.3;0.3;0.0;0.3
42522620;17.845;15;5.886;0.7758695652173913;0.6521739130434783;0.2559130434782609
42528621;1.025;0;1.025;0.205;0.0;0.205
42532621;0.772;3;0.193;0.193;0.75;0.04825
42533621;0.405;1;0.189;0.2025;0.5;0.0945
42534621;0.333;0;0.333;0.333;0.0;0.333
42534622;13.639000000000001;5;12.035;0.36862162162162165;0.13513513513513514;0.3252702702702703
42535622;4.485;0;4.485;0.23605263157894738;0.0;0.23605263157894738
42538597;0.676;0;0.676;0.676;0.0;0.676
42539623;17.976;15;5.827;0.8170909090909091;0.6818181818181818;0.26486363636363636
42540623;23.561;12;14.195;0.8124482758620689;0.41379310344827586;0.4894827586206897
42541623;8.977;8;1.936;0.8977;0.8;0.1936
42544623;8.979000000000001;5;7.314;0.35916000000000003;0.2;0.29256
42545623;4.957;0;4.957;0.2753888888888889;0.0;0.2753888888888889
42546623;1.332;1;0.9990000000000001;0.333;0.25;0.24975000000000003
42547623;0.309;1;0.141;0.1545;0.5;0.0705
42548623;0.666;0;0.666;0.333;0.0;0.333
42549623;1.479;0;1.479;0.184875;0.0;0.184875
42550624;10.879;7;8.874;0.32966666666666666;0.21212121212121213;0.26890909090909093
42551623;0.198;0;0.198;0.198;0.0;0.198
42551624;14.135;11;5.796;0.7852777777777777;0.6111111111111112;0.322
42552599;0.333;0;0.333;0.333;0.0;0.333
42557624;5.174;5;3.748;0.34493333333333337;0.3333333333333333;0.24986666666666668
42558624;4.949;0;4.949;0.2604736842105263;0.0;0.2604736842105263
42559624;1.803;0;1.803;0.20033333333333334;0.0;0.20033333333333334
42560625;11.193;14;5.757;0.39975;0.5;0.20560714285714285
42563624;4.934;4;1.626;0.7048571428571428;0.5714285714285714;0.23228571428571426
42563625;21.212;13;11.693999999999999;0.7575714285714286;0.4642857142857143;0.4176428571428571
42564623;0.173;0;0.173;0.173;0.0;0.173
42564624;8.677;5;7.055000000000001;0.36154166666666665;0.20833333333333334;0.2939583333333334
42568624;7.126;5;4.2059999999999995;0.5938333333333333;0.4166666666666667;0.3505
42569624;9.205;3;8.325;0.43833333333333335;0.14285714285714285;0.3964285714285714
42570624;1.053;0;1.053;0.21059999999999998;0.0;0.21059999999999998
42570625;18.033;15;5.865;0.8196818181818183;0.6818181818181818;0.2665909090909091
42577624;5.128;7;0.0;0.7325714285714285;1.0;0.0
42578623;5.323;2;4.657;0.3326875;0.125;0.2910625
42578624;2.375;3;0.0;0.7916666666666666;1.0;0.0
42579623;0.602;0;0.602;0.301;0.0;0.301
42581622;3.0340000000000003;1;2.836;0.37925000000000003;0.125;0.3545
42585600;4.999;3;2.666;0.7141428571428571;0.42857142857142855;0.38085714285714284
42587599;1.955;2;0.0;0.9775;1.0;0.0
42587600;1.935;0;1.935;0.387;0.0;0.387
42587620;0.326;0;0.326;0.326;0.0;0.326
42587623;8.337;9;0.0;0.9263333333333333;1.0;0.0
42587624;26.257;11;16.636;0.8470000000000001;0.3548387096774194;0.5366451612903226
42587625;29.994;5;25.01;0.7893157894736842;0.13157894736842105;0.6581578947368422
42587626;7.49;8;0.0;0.93625;1.0;0.0
42588620;0.9990000000000001;0;0.9990000000000001;0.333;0.0;0.333
42588628;16.674;15;4.583;0.7579090909090909;0.6818181818181818;0.20831818181818182
42588631;18.087;19;3.686;0.753625;0.7916666666666666;0.15358333333333332
42589599;7.616;6;2.0;0.952;0.75;0.25
42589632;13.597;16;2.282;0.7156315789473684;0.8421052631578947;0.12010526315789474
42589640;17.029;15;3.896;0.8962631578947369;0.7894736842105263;0.20505263157894738
42590633;12.048;15;1.357;0.7087058823529412;0.8823529411764706;0.07982352941176471
42590638;8.084;9;0.0;0.8982222222222221;1.0;0.0
42590639;8.203;9;0.0;0.9114444444444444;1.0;0.0
42590640;15.722;14;3.803;0.8734444444444445;0.7777777777777778;0.2112777777777778
42591633;16.797;15;3.7560000000000002;0.8840526315789474;0.7894736842105263;0.1976842105263158
42591634;17.498;16;4.835;0.7607826086956522;0.6956521739130435;0.21021739130434783
42591635;17.703;18;3.667;0.769695652173913;0.782608695652174;0.15943478260869565
42591640;2.95;3;0.0;0.9833333333333334;1.0;0.0
42592620;0.875;0;0.875;0.875;0.0;0.875
42592636;10.132;13;0.0;0.7793846153846153;1.0;0.0
42593600;0.148;0;0.148;0.148;0.0;0.148
42593620;0.385;0;0.385;0.385;0.0;0.385
42594620;0.684;0;0.684;0.684;0.0;0.684
42595620;0.261;0;0.261;0.261;0.0;0.261
42595621;0.784;1;0.0;0.784;1.0;0.0
42596620;0.257;0;0.257;0.257;0.0;0.257
42596621;7.112;6;2.241;0.7902222222222223;0.6666666666666666;0.249
42597600;0.202;0;0.202;0.202;0.0;0.202
42597620;0.202;0;0.202;0.202;0.0;0.202
42598599;6.869;7;0.0;0.9812857142857142;1.0;0.0
42600587;3.672;5;0.0;0.7344;1.0;0.0
42601587;7.862;9;0.0;0.8735555555555555;1.0;0.0
42602621;23.527;11;14.803;0.7589354838709678;0.3548387096774194;0.4775161290322581
42604620;0.202;0;0.202;0.202;0.0;0.202
42605620;0.168;0;0.168;0.168;0.0;0.168
42607588;7.548;9;0.0;0.8386666666666667;1.0;0.0
42608588;7.549;9;0.0;0.8387777777777778;1.0;0.0
42608621;19.841;7;16.201;0.5668857142857143;0.2;0.4628857142857143
42609589;16.836;16;3.6879999999999997;0.8417999999999999;0.8;0.18439999999999998
42610590;16.509;15;4.457;0.7504090909090909;0.6818181818181818;0.20259090909090907
42610620;0.513;0;0.513;0.513;0.0;0.513
42611621;6.9910000000000005;1;6.658;0.27964;0.04;0.26632
42612598;13.391;10;4.0;0.9565;0.7142857142857143;0.2857142857142857
42612621;5.3420000000000005;1;5.009;0.2811578947368421;0.05263157894736842;0.26363157894736844
42613621;0.415;0;0.415;0.415;0.0;0.415
42614621;3.893;0;3.893;0.2780714285714286;0.0;0.2780714285714286
42615598;9.921;9;2.966;0.82675;0.75;0.24716666666666667
42619598;5.236;6;0.0;0.8726666666666666;1.0;0.0
42619621;3.267;0;3.267;0.1815;0.0;0.1815
42620621;4.465;0;4.465;0.24805555555555556;0.0;0.24805555555555556
42621621;0.204;0;0.204;0.204;0.0;0.204
42622599;0.662;0;0.662;0.22066666666666668;0.0;0.22066666666666668
42622621;0.295;0;0.295;0.295;0.0;0.295
42623598;15.142;12;3.987;0.946375;0.75;0.2491875
42623599;0.575;0;0.575;0.19166666666666665;0.0;0.19166666666666665
42623621;2.936;0;2.936;0.17270588235294118;0.0;0.17270588235294118
42624622;12.561;12;1.807;0.8972142857142857;0.8571428571428571;0.12907142857142856
42626622;16.137;13;3.945;0.9492352941176471;0.7647058823529411;0.23205882352941176
42633598;3.896;4;0.0;0.974;1.0;0.0
42634598;1.0;1;0.0;1.0;1.0;0.0
42634622;0.798;0;0.798;0.266;0.0;0.266
42634623;17.044;11;11.187;0.5681333333333334;0.36666666666666664;0.37289999999999995
42634624;10.907;15;0.0;0.7271333333333333;1.0;0.0
42634625;10.151;14;0.0;0.7250714285714286;1.0;0.0
42635598;2.8970000000000002;4;0.0;0.7242500000000001;1.0;0.0
42636598;16.521;14;4.0;0.9178333333333334;0.7777777777777778;0.2222222222222222
42637598;16.694;15;3.743;0.8786315789473683;0.7894736842105263;0.19699999999999998
42638598;17.245;17;3.75;0.7838636363636364;0.7727272727272727;0.17045454545454544
42638622;11.638;5;7.727;0.8952307692307693;0.38461538461538464;0.5943846153846154
42639598;6.189;7;0.0;0.8841428571428571;1.0;0.0
42639622;5.063;2;3.867;0.8438333333333333;0.3333333333333333;0.6445
42640598;9.611;11;1.0;0.8009166666666667;0.9166666666666666;0.08333333333333333
42640599;0.333;0;0.333;0.333;0.0;0.333
42641598;17.055;15;3.797;0.8976315789473684;0.7894736842105263;0.1998421052631579
42641622;0.767;0;0.767;0.25566666666666665;0.0;0.25566666666666665
42641623;18.256;19;3.727;0.7606666666666667;0.7916666666666666;0.15529166666666666
42642598;6.714;7;0.0;0.9591428571428572;1.0;0.0
42642622;11.239;4;9.829;0.32111428571428574;0.11428571428571428;0.2808285714285714
42645598;3.363;4;0.0;0.84075;1.0;0.0
42646598;17.188;16;4.8580000000000005;0.7473043478260869;0.6956521739130435;0.21121739130434786
42646622;1.552;1;1.219;0.3104;0.2;0.24380000000000002
42646623;26.776;12;16.906;0.7875294117647059;0.35294117647058826;0.497235294117647
42647598;15.213;12;5.805;0.8006842105263158;0.631578947368421;0.30552631578947365
42647622;5.165;1;4.832;0.28694444444444445;0.05555555555555555;0.26844444444444443
42647623;23.785;7;17.736;0.74328125;0.21875;0.55425
42648598;24.79;11;15.91;0.8263333333333333;0.36666666666666664;0.5303333333333333
42648622;0.138;0;0.138;0.138;0.0;0.138
42649598;24.644;7;18.403;0.7949677419354838;0.22580645161290322;0.5936451612903225
42650598;10.98;5;9.533;0.305;0.1388888888888889;0.2648055555555555
42652599;0.239;0;0.239;0.239;0.0;0.239
42655623;0.683;0;0.683;0.22766666666666668;0.0;0.22766666666666668
42656624;1.517;2;0.0;0.7585;1.0;0.0
42657624;2.9;4;0.0;0.725;1.0;0.0
42660624;16.589;14;4.193;0.8731052631578947;0.7368421052631579;0.22068421052631576
42661624;6.1;5;1.927;0.8714285714285713;0.7142857142857143;0.2752857142857143
42662599;1.93;2;0.549;0.4825;0.5;0.13725
42664599;3.331;0;3.331;0.6662;0.0;0.6662
42665624;0.155;0;0.155;0.155;0.0;0.155
42666625;8.004;6;3.0;0.8893333333333333;0.6666666666666666;0.3333333333333333
42668624;0.178;0;0.178;0.178;0.0;0.178
42669624;0.666;0;0.666;0.333;0.0;0.333
42670625;16.262;14;5.005;0.8131;0.7;0.25025
42671624;0.666;0;0.666;0.333;0.0;0.333
42671625;19.497;15;6.335;0.8476956521739131;0.6521739130434783;0.27543478260869564
42672624;5.758;4;4.426;0.359875;0.25;0.276625
42672625;24.568;14;14.236;0.7925161290322581;0.45161290322580644;0.45922580645161293
42676624;0.252;0;0.252;0.252;0.0;0.252
42680625;0.168;0;0.168;0.168;0.0;0.168
42682600;10.375;12;6.273;0.3458333333333333;0.4;0.20909999999999998
42683600;15.533;13;4.608;0.8175263157894737;0.6842105263157895;0.24252631578947367
42684601;0.671;0;0.671;0.22366666666666668;0.0;0.22366666666666668
42685600;4.0;4;0.0;1.0;1.0;0.0
42686625;0.218;0;0.218;0.218;0.0;0.218
42687600;11.379999999999999;14;1.0;0.7586666666666666;0.9333333333333333;0.06666666666666667
42687601;4.393;3;3.666;0.43929999999999997;0.3;0.3666
42687626;7.753;8;2.0;0.7753;0.8;0.2
42688600;2.406;3;0.0;0.802;1.0;0.0
42689601;9.472999999999999;9;3.2270000000000003;0.6766428571428571;0.6428571428571429;0.2305
42689626;19.731;8;12.511;0.8968636363636364;0.36363636363636365;0.5686818181818182
42690601;22.026;9;14.318;0.88104;0.36;0.57272
42690626;8.871;3;7.872;0.32855555555555555;0.1111111111111111;0.29155555555555557
42695627;9.347;4;8.015;0.27491176470588236;0.11764705882352941;0.23573529411764707
42696601;4.341;5;0.0;0.8682000000000001;1.0;0.0
42696627;11.589;5;10.0;0.30497368421052634;0.13157894736842105;0.2631578947368421
42697601;17.435;15;5.336;0.7580434782608695;0.6521739130434783;0.232
42697602;0.632;0;0.632;0.21066666666666667;0.0;0.21066666666666667
42697627;9.024000000000001;4;7.692;0.28200000000000003;0.125;0.240375
42698601;16.739;14;3.957;0.9299444444444445;0.7777777777777778;0.21983333333333333
42698602;3.399;0;3.399;0.424875;0.0;0.424875
42699601;7.934;8;0.0;0.99175;1.0;0.0
42699602;3.903;3;3.027;0.32525;0.25;0.25225000000000003
42703602;8.407;7;1.407;0.9341111111111111;0.7777777777777778;0.15633333333333332
42703603;0.636;1;0.305;0.318;0.5;0.1525
42704602;15.932;15;3.525;0.8385263157894737;0.7894736842105263;0.18552631578947368
42704629;9.55;10;2.0;0.7958333333333334;0.8333333333333334;0.16666666666666666
42705629;1.723;3;0.0;0.5743333333333334;1.0;0.0
42706602;11.587;12;1.907;0.8276428571428571;0.8571428571428571;0.1362142857142857
42706629;7.639;1;7.306;0.2938076923076923;0.038461538461538464;0.281
42707600;0.596;1;0.0;0.596;1.0;0.0
42707629;8.697;6;2.819;0.9663333333333333;0.6666666666666666;0.31322222222222224
42708600;0.341;1;0.0;0.341;1.0;0.0
42711628;0.333;0;0.333;0.333;0.0;0.333
42713603;7.648;7;1.7189999999999999;0.8497777777777777;0.7777777777777778;0.19099999999999998
42714603;3.54;4;0.0;0.885;1.0;0.0
42716630;0.563;1;0.0;0.563;1.0;0.0
42717630;20.597;2;19.264;0.7628518518518519;0.07407407407407407;0.7134814814814815
42719604;10.086;14;0.0;0.7204285714285714;1.0;0.0
42721604;7.390000000000001;9;0.0;0.8211111111111111;1.0;0.0
42722604;4.94;6;0.0;0.8233333333333334;1.0;0.0
42722632;17.015;15;4.977;0.7734090909090909;0.6818181818181818;0.22622727272727275
42723632;0.739;1;0.0;0.739;1.0;0.0
42724605;3.662;3;1.733;0.7323999999999999;0.6;0.3466
42725605;21.733;13;10.465;0.8358846153846154;0.5;0.40249999999999997
42725606;0.125;1;0.0;0.125;1.0;0.0
42725633;2.859;3;0.0;0.953;1.0;0.0
42726606;0.539;0;0.539;0.17966666666666667;0.0;0.17966666666666667
42726633;17.238;15;3.87;0.9072631578947368;0.7894736842105263;0.2036842105263158
42727633;17.641;17;3.839;0.8018636363636363;0.7727272727272727;0.1745
42728633;0.417;1;0.0;0.417;1.0;0.0
42731632;3.954;1;3.621;0.30415384615384616;0.07692307692307693;0.2785384615384615
42734632;0.176;0;0.176;0.176;0.0;0.176
42735633;4.782;4;1.0;0.9564;0.8;0.2
42736607;0.289;0;0.289;0.289;0.0;0.289
42737633;2.781;1;2.0;0.927;0.3333333333333333;0.6666666666666666
42738633;15.878;15;4.965;0.7217272727272728;0.6818181818181818;0.22568181818181818
42739632;0.223;0;0.223;0.223;0.0;0.223
42741633;0.154;0;0.154;0.154;0.0;0.154
42742634;10.768;9;3.2560000000000002;0.8283076923076924;0.6923076923076923;0.25046153846153846
42744635;17.161;17;3.73;0.7800454545454546;0.7727272727272727;0.16954545454545455
42745634;7.99;2;7.324;0.27551724137931033;0.06896551724137931;0.25255172413793103
42745635;12.783;15;1.9120000000000001;0.7101666666666666;0.8333333333333334;0.10622222222222223
42746635;8.08;7;2.0;0.8977777777777778;0.7777777777777778;0.2222222222222222
42747634;2.234;0;2.234;0.27925;0.0;0.27925
42748608;0.335;0;0.335;0.335;0.0;0.335
42753636;5.6579999999999995;6;0.0;0.943;1.0;0.0
42754636;23.903;11;15.692;0.8242413793103448;0.3793103448275862;0.5411034482758621
42755636;17.65;15;5.912;0.8022727272727272;0.6818181818181818;0.2687272727272727
42756636;14.584;12;5.801;0.767578947368421;0.631578947368421;0.3053157894736842
42757636;17.236;17;3.752;0.7834545454545455;0.7727272727272727;0.17054545454545453
42758636;10.591;8;2.76;0.9628181818181818;0.7272727272727273;0.2509090909090909
42759636;23.153;10;15.221;0.8575185185185185;0.37037037037037035;0.5637407407407408
42760635;0.323;0;0.323;0.323;0.0;0.323
42760636;12.385;7;9.602;0.38703125;0.21875;0.3000625
42761636;17.052;11;10.512;0.5500645161290323;0.3548387096774194;0.3390967741935484
42762635;0.156;0;0.156;0.156;0.0;0.156
42766636;15.359;12;4.0;0.9599375;0.75;0.25
42767636;0.157;0;0.157;0.157;0.0;0.157
42768636;8.171;2;7.505000000000001;0.27236666666666665;0.06666666666666667;0.2501666666666667
42769636;16.04;5;13.815;0.4221052631578947;0.13157894736842105;0.36355263157894735
42770636;2.779;4;0.0;0.69475;1.0;0.0
42774636;0.126;0;0.126;0.126;0.0;0.126
42775636;5.36;1;5.1240000000000006;0.31529411764705884;0.058823529411764705;0.3014117647058824
42776636;5.328;3;4.329000000000001;0.333;0.1875;0.27056250000000004
42778637;18.943;11;11.763;0.7892916666666667;0.4583333333333333;0.490125
42784637;0.114;0;0.114;0.114;0.0;0.114
42785638;13.741;12;4.885;0.7633888888888889;0.6666666666666666;0.2713888888888889
42786638;15.375;6;13.496;0.4270833333333333;0.16666666666666666;0.3748888888888889
42787638;1.427;2;0.0;0.7135;1.0;0.0
42787639;8.292;9;0.0;0.9213333333333333;1.0;0.0
42787640;7.6530000000000005;10;0.0;0.7653000000000001;1.0;0.0
42787641;2.797;3;0.0;0.9323333333333333;1.0;0.0
42788638;13.997;13;3.341;0.8233529411764706;0.7647058823529411;0.1965294117647059
42796613;10.135;0;10.135;0.4826190476190476;0.0;0.4826190476190476
42798638;2.481;3;0.0;0.827;1.0;0.0
42799638;0.732;0;0.732;0.244;0.0;0.244
42802638;0.666;0;0.666;0.222;0.0;0.222
42805638;21.059;9;15.042;0.7019666666666667;0.3;0.5014
42810638;24.508;13;15.818;0.7426666666666666;0.3939393939393939;0.47933333333333333
42813639;7.071;8;0.0;0.883875;1.0;0.0
42816638;23.83;12;16.052;0.7008823529411764;0.35294117647058826;0.47211764705882353
42817637;3.347;0;3.347;0.1761578947368421;0.0;0.1761578947368421
42818637;5.822;4;4.843;0.41585714285714287;0.2857142857142857;0.3459285714285714
42819637;3.6630000000000003;2;2.9970000000000003;0.333;0.18181818181818182;0.2724545454545455
42822636;0.666;0;0.666;0.333;0.0;0.333
42822637;12.269;12;0.784;0.9437692307692308;0.9230769230769231;0.06030769230769231
42825614;0.333;0;0.333;0.333;0.0;0.333
42829635;1.791;1;1.0;0.8955;0.5;0.5
42830635;22.334;9;15.253;0.859;0.34615384615384615;0.5866538461538462
42831635;3.673;4;0.0;0.91825;1.0;0.0
42832635;23.583;10;15.927;0.8422499999999999;0.35714285714285715;0.5688214285714286
42833635;8.078;2;7.628;0.26926666666666665;0.06666666666666667;0.2542666666666667
42837634;0.333;0;0.333;0.333;0.0;0.333
42842634;7.315;1;6.982;0.26125000000000004;0.03571428571428571;0.24935714285714286
42843612;0.412;0;0.412;0.206;0.0;0.206
42843634;19.48;9;12.106;0.8854545454545455;0.4090909090909091;0.5502727272727272
42844634;3.999;4;0.666;0.6665;0.6666666666666666;0.111
42845634;16.129;8;10.481;0.8488947368421054;0.42105263157894735;0.5516315789473684
42847634;4.983;4;1.9329999999999998;0.7118571428571429;0.5714285714285714;0.27614285714285713
42848634;10.469;9;1.4689999999999999;0.9517272727272726;0.8181818181818182;0.13354545454545452
42850633;0.2;0;0.2;0.2;0.0;0.2
42851611;4.425;4;1.7109999999999999;0.7374999999999999;0.6666666666666666;0.2851666666666666
42852611;30.617;5;25.632;0.8057105263157895;0.13157894736842105;0.6745263157894738
42852634;2.926;4;0.0;0.7315;1.0;0.0
42853611;1.9980000000000002;1;1.665;0.333;0.16666666666666666;0.2775
42853634;20.683;10;12.887;0.7955;0.38461538461538464;0.49565384615384617
42854634;11.743;6;6.404;0.9033076923076924;0.46153846153846156;0.4926153846153846
42854635;16.751;16;3.651;0.83755;0.8;0.18255
42855634;15.517;12;8.845;0.5005483870967742;0.3870967741935484;0.2853225806451613
42855635;15.204;13;3.761;0.8943529411764706;0.7647058823529411;0.22123529411764706
42857610;19.814;9;11.568999999999999;0.9006363636363637;0.4090909090909091;0.5258636363636363
42857611;0.333;0;0.333;0.333;0.0;0.333
42857634;10.068999999999999;6;4.702;0.8390833333333333;0.5;0.3918333333333333
42858610;17.956;15;6.403;0.7481666666666666;0.625;0.26679166666666665
42858634;2.306;3;0.0;0.7686666666666667;1.0;0.0
42860634;3.9619999999999997;4;0.0;0.9904999999999999;1.0;0.0
42861633;15.906;7;9.78;0.9356470588235295;0.4117647058823529;0.5752941176470587
42861634;11.419;14;1.0;0.7612666666666666;0.9333333333333333;0.06666666666666667
42862632;0.333;0;0.333;0.333;0.0;0.333
42862633;10.437000000000001;4;9.105;0.32615625000000004;0.125;0.28453125
42862634;17.656;18;3.772;0.7676521739130434;0.782608695652174;0.16399999999999998
42863633;21.683;14;10.32;0.803074074074074;0.5185185185185185;0.38222222222222224
42865633;0.353;1;0.0;0.353;1.0;0.0
42868633;5.471;7;0.0;0.7815714285714286;1.0;0.0
42869632;10.785;11;1.884;0.8296153846153846;0.8461538461538461;0.1449230769230769
42869633;14.815;16;2.734;0.7797368421052632;0.8421052631578947;0.14389473684210527
42870632;24.704;14;14.428;0.7969032258064517;0.45161290322580644;0.4654193548387097
42870633;13.772;16;2.315;0.724842105263158;0.8421052631578947;0.12184210526315789
42871632;15.533;14;5.284;0.7396666666666667;0.6666666666666666;0.25161904761904763
42872608;0.328;0;0.328;0.328;0.0;0.328
42872632;16.8;16;3.67;0.8400000000000001;0.8;0.1835
42874631;11.327;10;2.0;0.9439166666666666;0.8333333333333334;0.16666666666666666
42875630;1.033;1;0.236;0.5165;0.5;0.118
42875631;16.248;14;4.0;0.9026666666666667;0.7777777777777778;0.2222222222222222
42876630;2.242;2;0.949;0.7473333333333333;0.6666666666666666;0.3163333333333333
42882628;0.198;0;0.198;0.198;0.0;0.198
42883629;2.197;3;0.0;0.7323333333333334;1.0;0.0
42884629;1.0;1;0.0;1.0;1.0;0.0
42885628;0.721;1;0.372;0.3605;0.5;0.186
42885629;9.901;14;0.0;0.7072142857142857;1.0;0.0
42886604;7.782;4;5.181;0.7074545454545454;0.36363636363636365;0.47100000000000003
42886628;12.467;11;2.7110000000000003;0.8311333333333334;0.7333333333333333;0.18073333333333336
42887627;0.262;0;0.262;0.262;0.0;0.262
42887628;23.066;13;13.895999999999999;0.7953793103448276;0.4482758620689655;0.47917241379310344
42888604;0.333;0;0.333;0.333;0.0;0.333
42888627;7.584;7;4.663;0.4461176470588235;0.4117647058823529;0.27429411764705885
42889603;0.707;1;0.412;0.3535;0.5;0.206
42889626;1.31;3;0.384;0.3275;0.75;0.096
42889627;17.135;13;10.273;0.5908620689655173;0.4482758620689655;0.35424137931034483
42890603;0.333;0;0.333;0.333;0.0;0.333
42890626;10.929;4;7.58;0.9107500000000001;0.3333333333333333;0.6316666666666667
42891602;24.443;10;15.656;0.8729642857142857;0.35714285714285715;0.5591428571428572
42891603;0.333;0;0.333;0.333;0.0;0.333
42891626;19.449;8;13.963000000000001;0.6483000000000001;0.26666666666666666;0.46543333333333337
42892602;10.714;11;6.788;0.32466666666666666;0.3333333333333333;0.2056969696969697
42893625;9.252;6;3.813;0.8410909090909091;0.5454545454545454;0.34663636363636363
42894601;19.318;8;11.613;0.9659000000000001;0.4;0.58065
42894625;17.546;14;5.779999999999999;0.8355238095238094;0.6666666666666666;0.2752380952380952
42895624;15.052999999999999;5;12.804;0.5190689655172414;0.1724137931034483;0.44151724137931037
42896624;24.675;6;18.994;0.7477272727272728;0.18181818181818182;0.5755757575757575
42897623;0.26;0;0.26;0.26;0.0;0.26
42897624;24.797;11;15.839;0.8550689655172414;0.3793103448275862;0.5461724137931034
42898623;6.074;8;0.0;0.75925;1.0;0.0
42899623;2.709;3;0.0;0.903;1.0;0.0
42900622;0.8400000000000001;0;0.8400000000000001;0.28;0.0;0.28
42900623;11.440999999999999;10;3.887;0.7627333333333333;0.6666666666666666;0.2591333333333333
42901622;9.053;4;7.721;0.2743333333333334;0.12121212121212122;0.23396969696969697
42902621;0.327;0;0.327;0.327;0.0;0.327
42902622;15.154;6;13.334;0.42094444444444445;0.16666666666666666;0.3703888888888889
42903598;0.4;1;0.0;0.4;1.0;0.0
42903621;14.189;2;13.743;0.47296666666666665;0.06666666666666667;0.4581
42904621;29.153;7;23.714;0.728825;0.175;0.59285
42905597;2.227;2;0.937;0.7423333333333333;0.6666666666666666;0.31233333333333335
42906620;22.79;7;17.343;0.7858620689655172;0.2413793103448276;0.5980344827586207
42907620;10.765;13;6.793;0.3075714285714286;0.37142857142857144;0.19408571428571428
42908619;7.932;6;6.521;0.41747368421052633;0.3157894736842105;0.34321052631578947
42909595;10.24;3;7.24;0.9309090909090909;0.2727272727272727;0.6581818181818182
42910595;0.373;0;0.373;0.373;0.0;0.373
42910618;3.2030000000000003;4;2.325;0.3558888888888889;0.4444444444444444;0.25833333333333336
42912594;5.396;5;3.731;0.35973333333333335;0.3333333333333333;0.24873333333333333
42913594;0.241;0;0.241;0.241;0.0;0.241
42913617;21.271;9;13.84;0.8862916666666667;0.375;0.5766666666666667
42916615;0.333;0;0.333;0.333;0.0;0.333
42916616;11.804;11;1.956;0.908;0.8461538461538461;0.15046153846153845
42918614;0.333;0;0.333;0.333;0.0;0.333
42918615;15.887;13;4.0;0.9345294117647059;0.7647058823529411;0.23529411764705882
42921589;13.424;7;10.118;0.6392380952380952;0.3333333333333333;0.4818095238095238
42922589;0.2;0;0.2;0.2;0.0;0.2
42922590;0.123;0;0.123;0.123;0.0;0.123
42923413;10.323;4;8.991;0.2716578947368421;0.10526315789473684;0.23660526315789474
42923414;15.533;13;3.735;0.9137058823529411;0.7647058823529411;0.21970588235294117
42923587;6.0;5;1.0;1.0;0.8333333333333334;0.16666666666666666
42923612;0.877;0;0.877;0.21925;0.0;0.21925
42924414;16.349;14;3.792;0.9082777777777777;0.7777777777777778;0.21066666666666667
42924415;11.283;7;9.739;0.32237142857142853;0.2;0.27825714285714287
42924416;15.448;13;3.715;0.9087058823529413;0.7647058823529411;0.21852941176470586
42924612;22.033;12;14.098;0.710741935483871;0.3870967741935484;0.4547741935483871
42925415;15.597;14;5.484;0.6781304347826087;0.6086956521739131;0.23843478260869566
42925416;21.811;14;11.118;0.7270333333333333;0.4666666666666667;0.3706
42925417;10.147;4;8.815;0.27424324324324323;0.10810810810810811;0.23824324324324322
42925587;2.7670000000000003;4;0.448;0.5534000000000001;0.8;0.0896
42925611;3.774;4;2.698;0.41933333333333334;0.4444444444444444;0.29977777777777775
42925612;21.093;2;20.649;0.7031;0.06666666666666667;0.6883
42926417;13.401;17;3.564;0.5826521739130435;0.7391304347826086;0.15495652173913044
42926418;3.387;5;0.0;0.6774;1.0;0.0
42926611;9.333;7;3.0;0.9333;0.7;0.3
42927418;12.318;14;3.957;0.5599090909090909;0.6363636363636364;0.17986363636363636
42927586;2.26;1;2.118;0.565;0.25;0.5295
42927610;10.307;4;8.975;0.2863055555555556;0.1111111111111111;0.24930555555555556
42928418;6.344;10;4.871;0.21146666666666666;0.3333333333333333;0.1623666666666667
42928610;23.385;11;15.234;0.8063793103448277;0.3793103448275862;0.5253103448275862
42929418;9.502;9;2.18;0.7918333333333334;0.75;0.18166666666666667
42929419;1.0;1;0.0;1.0;1.0;0.0
42930417;0.563;1;0.0;0.563;1.0;0.0
42930418;1.0;1;0.0;1.0;1.0;0.0
42930608;2.0;1;1.0;1.0;0.5;0.5
42931418;3.903;5;0.0;0.7806;1.0;0.0
42932418;0.763;1;0.0;0.763;1.0;0.0
42933582;15.0;3;12.0;1.0;0.2;0.8
42935605;16.774;14;3.914;0.931888888888889;0.7777777777777778;0.21744444444444444
42936602;0.709;0;0.709;0.709;0.0;0.709
42937401;10.528;14;5.801;0.3509333333333334;0.4666666666666667;0.19336666666666666
42937422;9.773;10;1.7229999999999999;0.8144166666666667;0.8333333333333334;0.1435833333333333
42937601;0.4;0;0.4;0.4;0.0;0.4
42937604;17.205;15;5.538;0.7480434782608695;0.6521739130434783;0.24078260869565218
42938402;12.602;11;8.557;0.4200666666666667;0.36666666666666664;0.28523333333333334
42938403;6.488;8;0.0;0.811;1.0;0.0
42938601;0.868;0;0.868;0.868;0.0;0.868
42938605;16.862;14;3.948;0.9367777777777777;0.7777777777777778;0.21933333333333332
42939403;3.618;4;0.0;0.9045;1.0;0.0
42939407;2.0;2;0.0;1.0;1.0;0.0
42939606;11.369;14;1.0;0.7579333333333333;0.9333333333333333;0.06666666666666667
42939607;19.02;19;3.945;0.7925;0.7916666666666666;0.164375
42940407;10.536;11;1.516;0.8104615384615385;0.8461538461538461;0.11661538461538462
42940424;1.0;1;0.0;1.0;1.0;0.0
42940425;0.403;1;0.0;0.403;1.0;0.0
42940600;0.628;0;0.628;0.20933333333333334;0.0;0.20933333333333334
42940607;16.739;14;5.484;0.7608636363636364;0.6363636363636364;0.24927272727272728
42940608;12.663;15;4.407;0.5505652173913044;0.6521739130434783;0.19160869565217392
42941407;1.0;1;0.0;1.0;1.0;0.0
42941425;2.2359999999999998;3;0.0;0.7453333333333333;1.0;0.0
42941608;14.467;14;7.917;0.48223333333333335;0.4666666666666667;0.26389999999999997
42941609;10.701;16;3.12;0.4652608695652174;0.6956521739130435;0.1356521739130435
42942407;2.404;3;0.0;0.8013333333333333;1.0;0.0
42942425;1.0;1;0.0;1.0;1.0;0.0
42942426;8.112;8;1.363;0.8112;0.8;0.1363
42942427;8.827;9;1.496;0.8024545454545454;0.8181818181818182;0.136
42943407;10.588000000000001;8;3.052;0.8823333333333334;0.6666666666666666;0.25433333333333336
42943427;16.574;17;3.534;0.7892380952380953;0.8095238095238095;0.1682857142857143
42943428;25.401;14;14.909;0.79378125;0.4375;0.46590625
42943599;0.509;1;0.0;0.509;1.0;0.0
42943611;11.06;13;6.823;0.316;0.37142857142857144;0.19494285714285717
42944407;4.924;6;0.0;0.8206666666666668;1.0;0.0
42944428;16.44;14;3.909;0.9133333333333334;0.7777777777777778;0.21716666666666665
42944612;16.063;7;13.367;0.4724411764705882;0.20588235294117646;0.39314705882352946
42945613;17.591;11;11.547;0.5330606060606061;0.3333333333333333;0.34990909090909095
42946408;25.301;14;14.673;0.8161612903225806;0.45161290322580644;0.4733225806451613
42946429;15.835;15;4.8309999999999995;0.6884782608695652;0.6521739130434783;0.21004347826086955
42946572;0.164;0;0.164;0.164;0.0;0.164
42946614;17.428;3;16.429;0.5125882352941177;0.08823529411764706;0.48320588235294115
42947408;8.892999999999999;1;8.727;0.27790624999999997;0.03125;0.27271875
42947429;16.426;14;3.912;0.9125555555555555;0.7777777777777778;0.21733333333333332
42947615;24.281;13;14.345;0.8093666666666667;0.43333333333333335;0.4781666666666667
42948428;1.0;1;0.0;1.0;1.0;0.0
42948429;16.426;14;3.912;0.9125555555555555;0.7777777777777778;0.21733333333333332
42948569;2.069;2;0.835;0.6896666666666667;0.6666666666666666;0.2783333333333333
42948570;0.594;0;0.594;0.594;0.0;0.594
42948616;21.493000000000002;5;17.891000000000002;0.5656052631578948;0.13157894736842105;0.47081578947368424
42949409;0.528;1;0.0;0.528;1.0;0.0
42949428;1.0;1;0.0;1.0;1.0;0.0
42949429;14.73;12;4.0;0.920625;0.75;0.25
42949617;1.0;1;0.0;1.0;1.0;0.0
42950428;1.0;1;0.0;1.0;1.0;0.0
42950429;17.284;17;3.802;0.7856363636363636;0.7727272727272727;0.17281818181818182
42950568;0.112;0;0.112;0.112;0.0;0.112
42950617;24.452;5;21.081;0.660864864864865;0.13513513513513514;0.5697567567567567
42951428;12.181;12;2.24;0.8120666666666666;0.8;0.14933333333333335
42951429;1.0;1;0.0;1.0;1.0;0.0
42952428;2.443;3;0.0;0.8143333333333334;1.0;0.0
42952567;0.118;0;0.118;0.118;0.0;0.118
42952630;2.896;3;0.0;0.9653333333333333;1.0;0.0
42953410;11.427;12;1.7389999999999999;0.8162142857142857;0.8571428571428571;0.12421428571428571
42953618;17.198;15;3.81;0.9051578947368422;0.7894736842105263;0.2005263157894737
42953628;6.187;7;0.0;0.8838571428571429;1.0;0.0
42954428;2.0;2;0.0;1.0;1.0;0.0
42954429;1.6800000000000002;2;0.0;0.8400000000000001;1.0;0.0
42954565;0.666;0;0.666;0.333;0.0;0.333
42954588;9.888;8;6.815;0.3189677419354839;0.25806451612903225;0.21983870967741936
42954619;10.574;14;0.0;0.7552857142857142;1.0;0.0
42954626;8.424;10;0.0;0.8423999999999999;1.0;0.0
42955428;13.693999999999999;16;4.271;0.5953913043478261;0.6956521739130435;0.18569565217391304
42955619;23.921;14;13.11;0.7973666666666667;0.4666666666666667;0.437
42955624;0.631;1;0.0;0.631;1.0;0.0
42956407;0.415;1;0.0;0.415;1.0;0.0
42956426;2.483;3;0.0;0.8276666666666667;1.0;0.0
42956427;3.218;4;0.0;0.8045;1.0;0.0
42956428;3.858;5;0.0;0.7716000000000001;1.0;0.0
42956620;21.992;14;10.258;0.8145185185185185;0.5185185185185185;0.3799259259259259
42956623;15.064;13;3.735;0.8861176470588236;0.7647058823529411;0.21970588235294117
42957420;16.004;13;3.874;0.9414117647058824;0.7647058823529411;0.22788235294117648
42957421;2.0;2;0.0;1.0;1.0;0.0
42957561;4.662;3;3.6630000000000003;0.333;0.21428571428571427;0.2616428571428572
42957585;3.296;4;0.431;0.6592;0.8;0.0862
42957620;8.09;9;0.0;0.8988888888888888;1.0;0.0
42957621;22.097;14;10.331;0.8184074074074075;0.5185185185185185;0.3826296296296296
42957622;8.257;9;0.0;0.9174444444444444;1.0;0.0
42958418;15.979;13;3.826;0.9399411764705882;0.7647058823529411;0.22505882352941176
42958419;5.058;6;0.0;0.843;1.0;0.0
42958420;4.7749999999999995;6;0.0;0.7958333333333333;1.0;0.0
42958421;2.782;4;0.0;0.6955;1.0;0.0
42958561;0.285;0;0.285;0.285;0.0;0.285
42958621;16.793;15;3.754;0.8838421052631579;0.7894736842105263;0.19757894736842105
42958622;12.816;14;4.799;0.6408;0.7;0.23995000000000002
42959417;14.488;14;5.363;0.6585454545454545;0.6363636363636364;0.24377272727272728
42959418;1.601;2;0.0;0.8005;1.0;0.0
42959559;0.657;1;0.324;0.3285;0.5;0.162
42959583;5.765000000000001;4;4.433;0.36031250000000004;0.25;0.2770625
42959622;1.629;2;0.0;0.8145;1.0;0.0
42959623;12.821;15;3.7830000000000004;0.5574347826086956;0.6521739130434783;0.16447826086956524
42960408;2.0;2;0.0;1.0;1.0;0.0
42960409;2.0;2;0.0;1.0;1.0;0.0
42960416;17.331;15;3.828;0.9121578947368421;0.7894736842105263;0.2014736842105263
42960417;16.645;15;3.725;0.8760526315789473;0.7894736842105263;0.19605263157894737
42960558;0.666;0;0.666;0.333;0.0;0.333
42960559;0.245;0;0.245;0.245;0.0;0.245
42960583;14.17;16;2.464;0.7457894736842106;0.8421052631578947;0.1296842105263158
42960624;16.846;17;5.307;0.6479230769230769;0.6538461538461539;0.20411538461538464
42961414;25.497;4;23.843;0.637425;0.1;0.596075
42961417;8.549;10;5.583;0.28496666666666665;0.3333333333333333;0.18610000000000002
42961557;5.497;0;5.497;0.3053888888888889;0.0;0.3053888888888889
42961582;12.786;13;2.325;0.799125;0.8125;0.1453125
42961625;1.0;1;0.0;1.0;1.0;0.0
42961626;16.93;17;3.574;0.8061904761904761;0.8095238095238095;0.17019047619047617
42962413;3.952;5;0.0;0.7904;1.0;0.0
42962416;2.523;3;0.0;0.8410000000000001;1.0;0.0
42962417;18.428;11;12.791;0.6142666666666667;0.36666666666666664;0.42636666666666667
42962418;16.179;14;4.0;0.8988333333333333;0.7777777777777778;0.2222222222222222
42962556;11.559000000000001;4;10.641;0.2963846153846154;0.10256410256410256;0.27284615384615385
42962627;24.056;14;15.186;0.707529411764706;0.4117647058823529;0.4466470588235294
42963418;16.287;15;5.18;0.7403181818181818;0.6818181818181818;0.23545454545454544
42963419;11.103;14;5.477;0.4112222222222222;0.5185185185185185;0.20285185185185187
42963420;23.702;14;13.817;0.7645806451612904;0.45161290322580644;0.44570967741935485
42963555;27.256;4;23.256;0.7366486486486487;0.10810810810810811;0.6285405405405405
42963556;0.666;0;0.666;0.333;0.0;0.333
42963580;6.406;3;3.605;0.9151428571428571;0.42857142857142855;0.515
42963628;23.554;11;15.915000000000001;0.8122068965517241;0.3793103448275862;0.5487931034482759
42964418;10.626999999999999;14;3.416;0.5593157894736841;0.7368421052631579;0.17978947368421053
42964419;12.903;10;8.925;0.43010000000000004;0.3333333333333333;0.29750000000000004
42964420;8.597999999999999;4;7.43;0.23237837837837835;0.10810810810810811;0.2008108108108108
42964421;6.354;8;0.0;0.79425;1.0;0.0
42964554;29.9;6;26.094;0.7292682926829268;0.14634146341463414;0.6364390243902439
42965417;3.832;5;0.0;0.7664;1.0;0.0
42965419;20.986;5;19.113;0.4996666666666667;0.11904761904761904;0.45507142857142857
42965420;2.523;3;0.0;0.8410000000000001;1.0;0.0
42965421;10.686;11;1.579;0.822;0.8461538461538461;0.12146153846153845
42965553;2.815;1;2.0;0.9383333333333334;0.3333333333333333;0.6666666666666666
42965629;8.086;9;0.0;0.8984444444444445;1.0;0.0
42966419;3.872;5;0.0;0.7744;1.0;0.0
42966420;7.227;7;0.851;0.903375;0.875;0.106375
42966421;24.147;14;14.196;0.75459375;0.4375;0.443625
42966629;18.459;19;3.761;0.769125;0.7916666666666666;0.15670833333333334
42967419;10.977;11;3.9459999999999997;0.7318;0.7333333333333333;0.26306666666666667
42967420;9.767;1;9.6;0.29596969696969694;0.030303030303030304;0.2909090909090909
42967553;0.225;0;0.225;0.225;0.0;0.225
42967577;0.376;1;0.0;0.376;1.0;0.0
42967630;4.912;7;0.0;0.7017142857142857;1.0;0.0
42968418;18.424;14;10.881;0.5943225806451613;0.45161290322580644;0.35100000000000003
42968419;10.137;3;9.261;0.27397297297297296;0.08108108108108109;0.25029729729729727
42968420;13.48;0;13.48;0.4992592592592593;0.0;0.4992592592592593
42968575;4.497;5;3.318;0.2998;0.3333333333333333;0.2212
42968629;8.291;9;0.0;0.9212222222222223;1.0;0.0
42968630;17.573;16;4.823;0.7640434782608696;0.6956521739130435;0.20969565217391306
42969418;20.882;6;17.73;0.5800555555555555;0.16666666666666666;0.4925
42969419;19.852;7;17.396;0.4963;0.175;0.4349
42969420;2.0;2;0.0;1.0;1.0;0.0
42969575;9.794;6;8.31;0.27205555555555555;0.16666666666666666;0.23083333333333333
42969629;7.259;8;0.0;0.907375;1.0;0.0
42969631;19.607;15;6.292;0.8524782608695652;0.6521739130434783;0.27356521739130435
42970418;11.699;11;3.0;0.8356428571428571;0.7857142857142857;0.21428571428571427
42970419;19.061;14;11.392;0.59565625;0.4375;0.356
42970420;0.481;1;0.0;0.481;1.0;0.0
42970631;6.021;7;0.0;0.8601428571428571;1.0;0.0
42971418;7.587;7;0.971;0.948375;0.875;0.121375
42971531;10.886;10;1.713;0.9071666666666666;0.8333333333333334;0.14275000000000002
42971549;0.139;0;0.139;0.139;0.0;0.139
42971632;19.543;15;6.282;0.849695652173913;0.6521739130434783;0.2731304347826087
42972418;26.859;11;17.651;0.7899705882352942;0.3235294117647059;0.5191470588235294
42972632;17.232;15;3.917;0.9069473684210526;0.7894736842105263;0.2061578947368421
42973417;23.44;5;19.434;0.7561290322580646;0.16129032258064516;0.6269032258064516
42973418;28.385;4;25.455000000000002;0.7096250000000001;0.1;0.636375
42973532;5.461;5;1.0;0.9101666666666667;0.8333333333333334;0.16666666666666666
42974633;16.513;16;3.453;0.8256500000000001;0.8;0.17265
42975419;2.0;2;0.0;1.0;1.0;0.0
42975545;0.215;0;0.215;0.215;0.0;0.215
42975634;8.216;9;0.0;0.9128888888888889;1.0;0.0
42976418;26.859;11;17.651;0.7899705882352942;0.3235294117647059;0.5191470588235294
42976534;1.843;1;1.0;0.9215;0.5;0.5
42976634;16.632;15;5.695;0.7231304347826087;0.6521739130434783;0.24760869565217392
42977417;21.862;14;10.408;0.8097037037037036;0.5185185185185185;0.3854814814814815
42977418;7.348;0;7.348;0.3674;0.0;0.3674
42977419;7.764;7;1.0;0.9705;0.875;0.125
42977635;0.511;1;0.0;0.511;1.0;0.0
42978417;18.965;1;18.673000000000002;0.6539655172413793;0.034482758620689655;0.643896551724138
42978418;1.324;0;1.324;0.44133333333333336;0.0;0.44133333333333336
42978419;12.636;10;4.904;0.8423999999999999;0.6666666666666666;0.32693333333333335
42978536;12.158;10;3.0;0.9352307692307692;0.7692307692307693;0.23076923076923078
42978635;17.198;15;3.936;0.9051578947368422;0.7894736842105263;0.2071578947368421
42979417;28.383;5;24.362;0.709575;0.125;0.60905
42979418;20.81;6;18.621;0.483953488372093;0.13953488372093023;0.43304651162790697
42979537;13.818;11;8.975;0.4606;0.36666666666666664;0.29916666666666664
42980417;0.216;0;0.216;0.216;0.0;0.216
42980538;11.881;4;10.549;0.32110810810810814;0.10810810810810811;0.2851081081081081
42981417;12.644;11;3.941;0.8429333333333333;0.7333333333333333;0.2627333333333333
42981418;0.815;1;0.0;0.815;1.0;0.0
42981636;8.28;9;0.0;0.9199999999999999;1.0;0.0
42982416;3.6510000000000002;0;3.6510000000000002;0.4056666666666667;0.0;0.4056666666666667
42982417;13.177;11;4.813;0.8235625;0.6875;0.3008125
42982636;17.304;15;3.909;0.9107368421052631;0.7894736842105263;0.20573684210526313
42983415;12.35;10;3.952;0.8821428571428571;0.7142857142857143;0.2822857142857143
42983416;2.302;0;2.302;0.46040000000000003;0.0;0.46040000000000003
42983417;15.875;15;4.558;0.79375;0.75;0.2279
42983535;8.0;7;1.0;1.0;0.875;0.125
42983636;13.689;16;2.204;0.7204736842105263;0.8421052631578947;0.116
42984411;12.07;11;3.912;0.8046666666666666;0.7333333333333333;0.2608
42984415;24.543;14;13.434000000000001;0.8180999999999999;0.4666666666666667;0.44780000000000003
42984416;20.655;4;18.656;0.5582432432432433;0.10810810810810811;0.5042162162162162
42984534;2.947;4;0.4;0.5894;0.8;0.08
42984636;8.581;9;0.0;0.9534444444444444;1.0;0.0
42985415;24.77;11;16.991;0.7506060606060606;0.3333333333333333;0.5148787878787878
42985636;17.422;15;3.876;0.9169473684210526;0.7894736842105263;0.204
42986415;1.62;2;0.0;0.81;1.0;0.0
42986532;20.326;8;13.254;0.8837391304347826;0.34782608695652173;0.5762608695652174
42986559;1.545;2;0.0;0.7725;1.0;0.0
42987416;12.653;11;3.93;0.8435333333333334;0.7333333333333333;0.262
42987531;3.488;3;1.0;0.872;0.75;0.25
42987637;8.208;9;0.0;0.912;1.0;0.0
42988556;0.295;0;0.295;0.295;0.0;0.295
42988638;12.611;15;1.625;0.7418235294117648;0.8823529411764706;0.09558823529411764
42990417;6.75;8;2.0;0.675;0.8;0.2
42990639;8.271;9;0.0;0.919;1.0;0.0
42991417;13.706;11;9.617;0.4726206896551724;0.3793103448275862;0.33162068965517244
42992408;15.425;7;11.101;0.7345238095238096;0.3333333333333333;0.5286190476190477
42992409;4.384;4;0.384;0.8768;0.8;0.07680000000000001
42992418;10.168000000000001;1;10.01;0.328;0.03225806451612903;0.3229032258064516
42993408;6.6850000000000005;3;4.184;0.8356250000000001;0.375;0.523
42993409;9.138;3;8.139000000000001;0.2855625;0.09375;0.25434375000000004
42993410;8.097;3;7.221;0.24536363636363634;0.09090909090909091;0.21881818181818183
42993411;7.003;7;4.364999999999999;0.3334761904761905;0.3333333333333333;0.20785714285714282
42993418;8.617;2;8.152000000000001;0.26928125;0.0625;0.25475000000000003
42993419;7.93;8;2.0;0.7929999999999999;0.8;0.2
42994410;7.9479999999999995;3;7.072;0.24837499999999998;0.09375;0.221
42994411;7.4879999999999995;1;7.196;0.24154838709677418;0.03225806451612903;0.2321290322580645
42994412;8.4;4;7.232;0.2545454545454546;0.12121212121212122;0.21915151515151515
42994418;5.716;0;5.716;0.22864;0.0;0.22864
42994419;4.295;0;4.295;0.20452380952380952;0.0;0.20452380952380952
42994522;0.885;0;0.885;0.885;0.0;0.885
42995411;7.604;1;7.459;0.23042424242424242;0.030303030303030304;0.22603030303030303
42995412;7.6129999999999995;1;7.476;0.23069696969696968;0.030303030303030304;0.22654545454545455
42995413;6.709;0;6.709;0.24848148148148147;0.0;0.24848148148148147
42995414;8.56;1;8.227;0.2761290322580645;0.03225806451612903;0.26538709677419353
42995415;9.74;4;8.408;0.28647058823529414;0.11764705882352941;0.2472941176470588
42995416;7.7299999999999995;4;5.376;0.5153333333333333;0.26666666666666666;0.3584
42995417;4.397;4;0.397;0.8794000000000001;0.8;0.0794
42995418;5.893;2;3.893;0.736625;0.25;0.486625
42995419;1.49;0;1.49;0.16555555555555557;0.0;0.16555555555555557
42995420;8.668;4;7.5;0.24765714285714283;0.11428571428571428;0.21428571428571427
42995521;0.34;0;0.34;0.34;0.0;0.34
42995549;0.953;0;0.953;0.953;0.0;0.953
42996413;6.525;3;4.077;0.815625;0.375;0.509625
42996414;8.979000000000001;2;8.313;0.28059375000000003;0.0625;0.25978125
42996415;8.981;2;8.315;0.27215151515151514;0.06060606060606061;0.25196969696969695
42996416;9.595;4;8.263;0.29075757575757577;0.12121212121212122;0.2503939393939394
42996420;6.5889999999999995;1;6.297;0.22720689655172413;0.034482758620689655;0.21713793103448276
42996421;8.679;4;7.511;0.2479714285714286;0.11428571428571428;0.2146
42997421;0.606;0;0.606;0.20199999999999999;0.0;0.20199999999999999
42997422;6.0440000000000005;0;6.0440000000000005;0.24176000000000003;0.0;0.24176000000000003
42997640;8.463000000000001;9;0.0;0.9403333333333335;1.0;0.0
42998421;8.358;4;7.1899999999999995;0.2532727272727273;0.12121212121212122;0.21787878787878787
42998422;1.4569999999999999;0;1.4569999999999999;0.18212499999999998;0.0;0.18212499999999998
42998423;1.247;0;1.247;0.13855555555555557;0.0;0.13855555555555557
42998424;7.778;4;6.937;0.23569696969696968;0.12121212121212122;0.2102121212121212
42998428;0.397;1;0.0;0.397;1.0;0.0
42998429;17.126;14;8.034;0.6586923076923077;0.5384615384615384;0.30900000000000005
42998430;9.487;11;6.048;0.32713793103448274;0.3793103448275862;0.20855172413793105
42998640;1.0;1;0.0;1.0;1.0;0.0
42999422;7.31;4;6.3100000000000005;0.215;0.11764705882352941;0.18558823529411766
42999423;0.776;0;0.776;0.1552;0.0;0.1552
42999424;6.512;7;4.11;0.296;0.3181818181818182;0.18681818181818183
42999426;25.459;2;23.459;0.79559375;0.0625;0.73309375
42999427;10.57;3;8.223;0.8808333333333334;0.25;0.68525
42999428;17.838;13;9.515;0.6370714285714286;0.4642857142857143;0.3398214285714286
42999429;1.508;0;1.508;0.1885;0.0;0.1885
42999430;16.829;11;10.993;0.49497058823529416;0.3235294117647059;0.32332352941176473
42999431;12.839;13;8.779;0.36682857142857145;0.37142857142857144;0.2508285714285714
42999432;1.629;0;1.629;0.543;0.0;0.543
42999433;28.21;3;25.21;0.806;0.08571428571428572;0.7202857142857143
42999434;10.881;8;3.891;0.9067500000000001;0.6666666666666666;0.32425
42999640;2.509;3;0.0;0.8363333333333333;1.0;0.0
